1 entrada

1 1 - 1
0 1 - 0

x[2][2]
w[2]
t[2]

2 entrada

1 1 1 - 1
1 0 1 - 0
0 1 1 - 0
0 0 1 - 0

x[4][3]
w[3]
t[8]

3 entradas

1 1 1 1 - 1
1 1 0 1 - 0
1 0 1 1 - 0
1 0 0 1 - 0
0 1 1 1 - 0
0 1 0 1 - 0
0 0 1 1 - 0
0 0 0 1 - 0

x[8][4]
w[4]
t[8]

4 entradas

1 1 1 1 1 - 1
1 1 1 0 1 - 0
1 1 0 1 1 - 0
1 1 0 0 1 - 0
1 0 1 1 1 - 0
1 0 1 0 1 - 0
1 0 0 1 1 - 0
1 0 0 0 1 - 0
0 1 1 1 1 - 0
0 1 1 0 1 - 0
0 1 0 1 1 - 0
0 1 0 0 1 - 0
0 0 1 1 1 - 0
0 0 1 0 1 - 0
0 0 0 1 1 - 0
0 0 0 0 1 - 0

x[16][5]
w[5]
t[16]

